3
5
9
17
11
13
7
21
25
27
19
85
29
35
137
89
145
49
73
15
341
177
59
61
69
433
81
141
41
283
43
53
23
139
217
273
171
197
1097
153
87
169
291
683
395
709
47
1419
209
1733
945
3467
83
189
343
175
1365
1367
2731
701
687
3781
425
2735
7563
2749
1165
10941
339
99
851
2331
5463
37
123
10927
43709
2193
465
379
1403
4387
977
5499
21883
2185
355
87419
401
17549
35099
51
2265
867
34961
69923
163
279693
559387
4529
9059
37297
201
2321
74595
561585
419
1123171
653
275
18569
1677
1307
77
3355
179
931
649
3725
297105
594211
1955
8950193
7821
17900387
2376845
4753691
7451
10457
26841
15643
39
59609
2201
125145
435
57
76059057
149
1425
152118115
1161
155
1225
6417
1169
1673
45
103
51337
1299
3721
3347
7817
71
10393
7443
26777
15635
59545
821393
1642787
125081
6571149
13142299
147
101
359
1241
22801
871
18649
182409
293
2918545
5837091
23348365
46696731
210276785
420553571
585
337
581
4531
913
747147697
1494295395
1173
9063
37299
1609
597
74599
280793
561587
4369
1123175
173
143
325
4693
34953
9801
393
4475097
8950195
2341
17900391
75
18705
6437
9365
25749
149641
113
102997
37461
2394257
4788515
613
19154061
38308123
803
305
713
559249
91
1118499
107
39205
156821
2323
627285
4473997
8947995
612929969
1225859939
181
409
2483
3209
657
93
31
403
199
573
849
115
277
3213
357
1177
549
117
1605
121
1827
307
205
7309
18585
7305
55
105
1737
165
6427
6419
1113
685
14619
8805
299
51353
693
14611
9289
785
116889
329
2733
281
71583961
143167923
286335847
2449
327
38029529
76059059
51417
116953
152118119
3217
17553
2741
4677
1163
347
2257
3473
185
10933
9169
203
79
213
805
2197
9929
2697
1197
363
10385
1297
2395
10925
157
4395
405
869
373
2451
2353
8741
2385
18339
589
297
41573
109
921
1457
1387
6289
500325
238181
107109
235
73357
2217
34965
69931
43701
397
17581
105138393
210276787
420553575
20771
19857
3211
146715
35163
2705
1093
148625
1173721
787
83085
166171
1315
9797
747
665
9061
227
2441
43153
1233
2325
711
279725
559451
547
1937
9305
345
86307
125
2339
19595
473
5483
345229
690459
583
1417
143167921
286335843
1735
561
675
4515
6281
1105
2713
241
3225
21867
12869
5701
717
10641
12579
3273
373573849
747147699
1494295399
6809
108945
43409
371
729
11409
19081
2658737
5317475
1227
295
233
42565
25689
655
593
1433
1459
553
45637
5411
435781
173637
85131
156761
215
27793
35473
5261
871563
347275
681049
2195
411
399
500581
238437
107365
41829
2919
50317
111173
2225
10523
221
6972505
2778201
1147
2777
5555
100635
18601
70947
1167
151
697
651
18577
4403
2915
19161
38323
76647
11111
39057
158865
11047345
22094691
1741
2621
635461
1429
19609
2329
1171
3465
471
3221
6547
18061
1495
139813
559253
1118507
305297
610595
2442381
4884763
21645
43291
7369
2833
837
2355
211
2249
